id=625
type=0,randStartPhase=0
numSounds=0
numSprites=6
numSlots=0
offset=(0.000000,40.000000)
startPause=0.000000
animParam=0.000000 0.000000 0.000000 1.000000 40.000000 0.750000 (1.000000,0.000000) 0.000000 0.000000 0.000000 0.000000 0.000000 1.000000 4.000000 0.000000 0.000000 0.000000 1.000000 0.000000
offset=(0.000000,40.000000)
startPause=1.000000
animParam=0.000000 0.000000 0.000000 1.000000 40.000000 0.750000 (1.000000,0.000000) 0.000000 0.000000 0.000000 0.000000 0.000000 1.000000 4.000000 0.000000 0.000000 0.000000 1.000000 0.000000
offset=(0.000000,40.000000)
startPause=2.000000
animParam=0.000000 0.000000 0.000000 1.000000 40.000000 0.750000 (1.000000,0.000000) 0.000000 0.000000 0.000000 0.000000 0.000000 1.000000 4.000000 0.000000 0.000000 0.000000 1.000000 0.000000
offset=(0.000000,40.000000)
startPause=3.000000
animParam=0.000000 0.000000 0.000000 1.000000 40.000000 0.750000 (1.000000,0.000000) 0.000000 0.000000 0.000000 0.000000 0.000000 1.000000 4.000000 0.000000 0.000000 0.000000 1.000000 0.000000
offset=(0.000000,40.000000)
startPause=4.000000
animParam=0.000000 0.000000 0.000000 1.000000 40.000000 0.750000 (1.000000,0.000000) 0.000000 0.000000 0.000000 0.000000 0.000000 1.000000 4.000000 0.000000 0.000000 0.000000 1.000000 0.000000
offset=(0.000000,0.000000)
startPause=0.000000
animParam=0.000000 0.000000 0.000000 0.000000 0.000000 0.000000 (0.000000,0.000000) 0.000000 0.000000 0.000000 0.000000 0.000000 1.000000 0.000000 0.000000 0.000000 0.000000 1.000000 0.000000